Annulus_200pts.fort.14
580 380
1 1.00000000 0.00000000 0.00000000
2 0.99862953 0.05233596 0.00000000
3 0.99452190 0.10452846 0.00000000
4 0.98768834 0.15643447 0.00000000
5 0.97814760 0.20791169 0.00000000
6 0.96592583 0.25881905 0.00000000
7 0.95105652 0.30901699 0.00000000
8 0.93358043 0.35836795 0.00000000
9 0.91354546 0.40673664 0.00000000
10 0.89100652 0.45399050 0.00000000
11 0.86602540 0.50000000 0.00000000
12 0.83867057 0.54463904 0.00000000
13 0.80901699 0.58778525 0.00000000
14 0.77714596 0.62932039 0.00000000
15 0.74314483 0.66913061 0.00000000
16 0.70710678 0.70710678 0.00000000
17 0.66913061 0.74314483 0.00000000
18 0.62932039 0.77714596 0.00000000
19 0.58778525 0.80901699 0.00000000
20 0.54463904 0.83867057 0.00000000
21 0.50000000 0.86602540 0.00000000
22 0.45399050 0.89100652 0.00000000
23 0.40673664 0.91354546 0.00000000
24 0.35836795 0.93358043 0.00000000
25 0.30901699 0.95105652 0.00000000
26 0.25881905 0.96592583 0.00000000
27 0.20791169 0.97814760 0.00000000
28 0.15643447 0.98768834 0.00000000
29 0.10452846 0.99452190 0.00000000
30 0.05233596 0.99862953 0.00000000
31 0.00000000 1.00000000 0.00000000
32 -0.05233596 0.99862953 0.00000000
33 -0.10452846 0.99452190 0.00000000
34 -0.15643447 0.98768834 0.00000000
35 -0.20791169 0.97814760 0.00000000
36 -0.25881905 0.96592583 0.00000000
37 -0.30901699 0.95105652 0.00000000
38 -0.35836795 0.93358043 0.00000000
39 -0.40673664 0.91354546 0.00000000
40 -0.45399050 0.89100652 0.00000000
41 -0.50000000 0.86602540 0.00000000
42 -0.54463904 0.83867057 0.00000000
43 -0.58778525 0.80901699 0.00000000
44 -0.62932039 0.77714596 0.00000000
45 -0.66913061 0.74314483 0.00000000
46 -0.70710678 0.70710678 0.00000000
47 -0.74314483 0.66913061 0.00000000
48 -0.77714596 0.62932039 0.00000000
49 -0.80901699 0.58778525 0.00000000
50 -0.83867057 0.54463904 0.00000000
51 -0.86602540 0.50000000 0.00000000
52 -0.89100652 0.45399050 0.00000000
53 -0.91354546 0.40673664 0.00000000
54 -0.93358043 0.35836795 0.00000000
55 -0.95105652 0.30901699 0.00000000
56 -0.96592583 0.25881905 0.00000000
57 -0.97814760 0.20791169 0.00000000
58 -0.98768834 0.15643447 0.00000000
59 -0.99452190 0.10452846 0.00000000
60 -0.99862953 0.05233596 0.00000000
61 -1.00000000 0.00000000 0.00000000
62 -0.99862953 -0.05233596 0.00000000
63 -0.99452190 -0.10452846 0.00000000
64 -0.98768834 -0.15643447 0.00000000
65 -0.97814760 -0.20791169 0.00000000
66 -0.96592583 -0.25881905 0.00000000
67 -0.95105652 -0.30901699 0.00000000
68 -0.93358043 -0.35836795 0.00000000
69 -0.91354546 -0.40673664 0.00000000
70 -0.89100652 -0.45399050 0.00000000
71 -0.86602540 -0.50000000 0.00000000
72 -0.83867057 -0.54463904 0.00000000
73 -0.80901699 -0.58778525 0.00000000
74 -0.77714596 -0.62932039 0.00000000
75 -0.74314483 -0.66913061 0.00000000
76 -0.70710678 -0.70710678 0.00000000
77 -0.66913061 -0.74314483 0.00000000
78 -0.62932039 -0.77714596 0.00000000
79 -0.58778525 -0.80901699 0.00000000
80 -0.54463904 -0.83867057 0.00000000
81 -0.50000000 -0.86602540 0.00000000
82 -0.45399050 -0.89100652 0.00000000
83 -0.40673664 -0.91354546 0.00000000
84 -0.35836795 -0.93358043 0.00000000
85 -0.30901699 -0.95105652 0.00000000
86 -0.25881905 -0.96592583 0.00000000
87 -0.20791169 -0.97814760 0.00000000
88 -0.15643447 -0.98768834 0.00000000
89 -0.10452846 -0.99452190 0.00000000
90 -0.05233596 -0.99862953 0.00000000
91 -0.00000000 -1.00000000 0.00000000
92 0.05233596 -0.99862953 0.00000000
93 0.10452846 -0.99452190 0.00000000
94 0.15643447 -0.98768834 0.00000000
95 0.20791169 -0.97814760 0.00000000
96 0.25881905 -0.96592583 0.00000000
97 0.30901699 -0.95105652 0.00000000
98 0.35836795 -0.93358043 0.00000000
99 0.40673664 -0.91354546 0.00000000
100 0.45399050 -0.89100652 0.00000000
101 0.50000000 -0.86602540 0.00000000
102 0.54463904 -0.83867057 0.00000000
103 0.58778525 -0.80901699 0.00000000
104 0.62932039 -0.77714596 0.00000000
105 0.66913061 -0.74314483 0.00000000
106 0.70710678 -0.70710678 0.00000000
107 0.74314483 -0.66913061 0.00000000
108 0.77714596 -0.62932039 0.00000000
109 0.80901699 -0.58778525 0.00000000
110 0.83867057 -0.54463904 0.00000000
111 0.86602540 -0.50000000 0.00000000
112 0.89100652 -0.45399050 0.00000000
113 0.91354546 -0.40673664 0.00000000
114 0.93358043 -0.35836795 0.00000000
115 0.95105652 -0.30901699 0.00000000
116 0.96592583 -0.25881905 0.00000000
117 0.97814760 -0.20791169 0.00000000
118 0.98768834 -0.15643447 0.00000000
119 0.99452190 -0.10452846 0.00000000
120 0.99862953 -0.05233596 0.00000000
121 0.30000000 0.00000000 0.00000000
122 0.29835657 0.03135854 0.00000000
123 0.29344428 0.06237351 0.00000000
124 0.28531695 0.09270510 0.00000000
125 0.27406364 0.12202099 0.00000000
126 0.25980762 0.15000000 0.00000000
127 0.24270510 0.17633558 0.00000000
128 0.22294345 0.20073918 0.00000000
129 0.20073918 0.22294345 0.00000000
130 0.17633558 0.24270510 0.00000000
131 0.15000000 0.25980762 0.00000000
132 0.12202099 0.27406364 0.00000000
133 0.09270510 0.28531695 0.00000000
134 0.06237351 0.29344428 0.00000000
135 0.03135854 0.29835657 0.00000000
136 0.00000000 0.30000000 0.00000000
137 -0.03135854 0.29835657 0.00000000
138 -0.06237351 0.29344428 0.00000000
139 -0.09270510 0.28531695 0.00000000
140 -0.12202099 0.27406364 0.00000000
141 -0.15000000 0.25980762 0.00000000
142 -0.17633558 0.24270510 0.00000000
143 -0.20073918 0.22294345 0.00000000
144 -0.22294345 0.20073918 0.00000000
145 -0.24270510 0.17633558 0.00000000
146 -0.25980762 0.15000000 0.00000000
147 -0.27406364 0.12202099 0.00000000
148 -0.28531695 0.09270510 0.00000000
149 -0.29344428 0.06237351 0.00000000
150 -0.29835657 0.03135854 0.00000000
151 -0.30000000 0.00000000 0.00000000
152 -0.29835657 -0.03135854 0.00000000
153 -0.29344428 -0.06237351 0.00000000
154 -0.28531695 -0.09270510 0.00000000
155 -0.27406364 -0.12202099 0.00000000
156 -0.25980762 -0.15000000 0.00000000
157 -0.24270510 -0.17633558 0.00000000
158 -0.22294345 -0.20073918 0.00000000
159 -0.20073918 -0.22294345 0.00000000
160 -0.17633558 -0.24270510 0.00000000
161 -0.15000000 -0.25980762 0.00000000
162 -0.12202099 -0.27406364 0.00000000
163 -0.09270510 -0.28531695 0.00000000
164 -0.06237351 -0.29344428 0.00000000
165 -0.03135854 -0.29835657 0.00000000
166 -0.00000000 -0.30000000 0.00000000
167 0.03135854 -0.29835657 0.00000000
168 0.06237351 -0.29344428 0.00000000
169 0.09270510 -0.28531695 0.00000000
170 0.12202099 -0.27406364 0.00000000
171 0.15000000 -0.25980762 0.00000000
172 0.17633558 -0.24270510 0.00000000
173 0.20073918 -0.22294345 0.00000000
174 0.22294345 -0.20073918 0.00000000
175 0.24270510 -0.17633558 0.00000000
176 0.25980762 -0.15000000 0.00000000
177 0.27406364 -0.12202099 0.00000000
178 0.28531695 -0.09270510 0.00000000
179 0.29344428 -0.06237351 0.00000000
180 0.29835657 -0.03135854 0.00000000
181 -0.25091976 -0.62973414 0.00000000
182 0.90142861 0.08380189 0.00000000
183 0.46398788 0.74589167 0.00000000
184 0.19731697 0.46444977 0.00000000
185 -0.68796272 0.61312230 0.00000000
186 -0.68801096 0.31756673 0.00000000
187 -0.88383278 0.38455313 0.00000000
188 0.20223002 -0.50066398 0.00000000
189 0.41614516 -0.02115007 0.00000000
190 -0.63635007 0.41115035 0.00000000
191 -0.39151551 -0.63884931 0.00000000
192 -0.13610996 0.83097660 0.00000000
193 0.22370579 0.39484053 0.00000000
194 -0.72101228 -0.40530199 0.00000000
195 -0.41571070 0.84879239 0.00000000
196 -0.26727631 0.94211649 0.00000000
197 -0.08786003 0.88853298 0.00000000
198 0.57035192 -0.05157157 0.00000000
199 -0.60065244 0.72408530 0.00000000
200 0.02846888 0.68909880 0.00000000
201 0.18482914 -0.36179905 0.00000000
202 0.21508970 -0.92598473 0.00000000
203 -0.65895175 0.19253976 0.00000000
204 0.61679470 0.39257755 0.00000000
205 -0.39077246 -0.32025007 0.00000000
206 -0.80465577 0.44953354 0.00000000
207 0.36846605 -0.86928732 0.00000000
208 -0.11969501 -0.36941932 0.00000000
209 -0.75592353 0.07898258 0.00000000
210 -0.00964618 0.58144633 0.00000000
211 -0.93122296 -0.36249499 0.00000000
212 0.81864080 0.25178275 0.00000000
213 -0.48244004 0.77195550 0.00000000
214 0.32504457 0.23172638 0.00000000
215 -0.37657785 -0.53408105 0.00000000
216 0.04013604 -0.95119844 0.00000000
217 0.09342056 0.74019775 0.00000000
218 0.55026565 0.05787427 0.00000000
219 0.78965470 0.59756647 0.00000000
220 0.84374847 -0.29857637 0.00000000
221 -0.82301500 0.53437658 0.00000000
222 -0.60803428 -0.19613817 0.00000000
223 -0.90954542 -0.04024876 0.00000000
224 -0.34933934 0.25501093 0.00000000
225 -0.22264542 0.74735423 0.00000000
226 0.65747502 0.53654683 0.00000000
227 -0.28649335 -0.16446644 0.00000000
228 -0.43813098 -0.15728600 0.00000000
229 0.08539217 0.47516460 0.00000000
230 -0.71815155 -0.52244571 0.00000000
231 0.60439396 -0.77905177 0.00000000
232 -0.85089871 -0.29075568 0.00000000
233 0.54448954 -0.40738376 0.00000000
234 -0.60256864 -0.53278450 0.00000000
235 0.45801434 -0.14445373 0.00000000
236 0.54254069 -0.23134671 0.00000000
237 -0.85191070 0.35929457 0.00000000
238 -0.28306854 -0.56349222 0.00000000
239 0.72620685 0.57269003 0.00000000
240 0.24659625 -0.82117800 0.00000000
241 -0.33820395 -0.16483845 0.00000000
242 -0.37803536 0.88946404 0.00000000
243 -0.34963336 -0.06519698 0.00000000
244 0.45921236 0.22682278 0.00000000
245 0.27511494 -0.66593211 0.00000000
246 -0.05557015 -0.53665660 0.00000000
247 0.42648957 0.29929330 0.00000000
248 0.52157010 0.21547359 0.00000000
249 0.54193436 -0.53866038 0.00000000
250 -0.01240881 -0.64694394 0.00000000
251 0.04546566 -0.55902758 0.00000000
252 -0.14491796 -0.62712348 0.00000000
253 -0.78421715 -0.29974948 0.00000000
254 0.27282082 0.93820526 0.00000000
255 -0.37128804 0.76757177 0.00000000
256 0.01714138 0.85550457 0.00000000
257 -0.50141554 -0.65220950 0.00000000
258 0.51110228 0.51647695 0.00000000
259 -0.54240367 0.39204124 0.00000000
260 -0.42049709 0.63166625 0.00000000
261 -0.67755743 -0.55111886 0.00000000
262 0.61624076 0.07394885 0.00000000
263 0.26680751 0.18587987 0.00000000
264 0.74292118 0.16017242 0.00000000
265 -0.62685988 0.75492173 0.00000000
266 0.78511800 -0.46879991 0.00000000
267 0.07868448 -0.74097016 0.00000000
268 0.61488031 0.77749616 0.00000000
269 -0.36399305 0.72425523 0.00000000
270 -0.77989615 0.61903215 0.00000000
271 -0.54412967 0.31048396 0.00000000
272 0.72146117 -0.18309357 0.00000000
273 0.02149461 -0.48049243 0.00000000
274 -0.16517799 0.44684023 0.00000000
275 -0.55578438 -0.00824853 0.00000000
276 -0.32476966 -0.55963360 0.00000000
277 0.88581941 0.36651753 0.00000000
278 -0.35359414 -0.84773828 0.00000000
279 0.03758124 0.70241383 0.00000000
280 0.40603792 -0.00970695 0.00000000
281 0.94356417 0.18481557 0.00000000
282 -0.49643541 -0.30438158 0.00000000
283 -0.00550299 0.35603231 0.00000000
284 -0.39824338 0.13146393 0.00000000
285 -0.43031901 -0.46594346 0.00000000
286 0.21912867 0.59485204 0.00000000
287 0.00535805 0.31690367 0.00000000
288 -0.44270707 0.73458840 0.00000000
289 0.81653177 0.41672595 0.00000000
290 -0.52087622 0.67402666 0.00000000
291 -0.71021026 0.39494292 0.00000000
292 -0.02109448 0.36028154 0.00000000
293 -0.51588946 0.50543328 0.00000000
294 0.34427109 -0.68278979 0.00000000
295 0.52323923 0.76174152 0.00000000
296 -0.52472491 0.74368706 0.00000000
297 -0.26443373 0.65163350 0.00000000
298 0.26461166 -0.74226027 0.00000000
299 0.26705942 -0.32976229 0.00000000
300 0.07154937 0.48701651 0.00000000
301 0.67060499 0.63593405 0.00000000
302 -0.35843987 0.66426836 0.00000000
303 -0.62696298 0.01493547 0.00000000
304 0.18178589 -0.42592373 0.00000000
305 0.35512872 0.23385384 0.00000000
306 -0.54700845 -0.48039284 0.00000000
307 0.29034558 0.26801141 0.00000000
308 -0.65126714 0.07997076 0.00000000
309 0.38187548 0.55969079 0.00000000
310 -0.22652931 -0.78603872 0.00000000
311 -0.72495811 0.08253316 0.00000000
312 -0.31786730 0.92598401 0.00000000
313 -0.77305296 -0.31625567 0.00000000
314 0.84938724 0.26524379 0.00000000
315 -0.48411674 -0.79498054 0.00000000
316 0.31996809 0.87445697 0.00000000
317 0.63444440 0.37577144 0.00000000
318 0.11040162 -0.86432588 0.00000000
319 0.05930116 -0.39807287 0.00000000
320 -0.51629542 0.41634418 0.00000000
321 0.79443152 0.16434092 0.00000000
322 0.80083611 -0.30823389 0.00000000
323 0.26620291 0.24183104 0.00000000
324 -0.32194042 -0.90851593 0.00000000
325 -0.30158085 0.74307361 0.00000000
326 0.77417285 0.49930366 0.00000000
327 0.55975109 -0.73982752 0.00000000
328 0.28406329 0.51652639 0.00000000
329 0.79710838 -0.35277956 0.00000000
330 -0.79705691 0.36659075 0.00000000
331 0.32700354 -0.10819459 0.00000000
332 0.38379040 -0.09722595 0.00000000
333 0.30392252 -0.67275236 0.00000000
334 -0.55146138 0.58961910 0.00000000
335 0.42435844 0.38736445 0.00000000
336 -0.52550183 -0.55846077 0.00000000
337 -0.34920060 -0.83523791 0.00000000
338 0.49298281 0.36099860 0.00000000
339 0.29926580 0.30902243 0.00000000
340 0.69844682 -0.45348095 0.00000000
341 0.31522578 0.90172712 0.00000000
342 0.13661721 -0.69788422 0.00000000
343 -0.81265046 -0.13533040 0.00000000
344 -0.26456839 0.88723184 0.00000000
345 -0.46959526 -0.16054537 0.00000000
346 -0.51202071 0.27705190 0.00000000
347 0.94602111 -0.20481120 0.00000000
348 -0.21380455 -0.45156960 0.00000000
349 0.26227725 -0.18133199 0.00000000
350 0.58962261 0.78819841 0.00000000
351 0.00527419 -0.54009079 0.00000000
352 0.15380777 -0.57379059 0.00000000
353 -0.01496461 -0.93773183 0.00000000
354 -0.60951402 0.30333365 0.00000000
355 0.44490423 -0.26294731 0.00000000
356 -0.43845528 0.72871650 0.00000000
357 -0.95136807 -0.05358019 0.00000000
358 0.29094459 0.93638686 0.00000000
359 -0.64577864 -0.62894897 0.00000000
360 0.82972878 0.54184369 0.00000000
361 -0.25968260 0.68956646 0.00000000
362 0.85663713 0.25244064 0.00000000
363 -0.14363170 -0.73751024 0.00000000
364 0.70601891 0.23330063 0.00000000
365 -0.41110222 0.59307458 0.00000000
366 -0.36615599 -0.74962842 0.00000000
367 -0.66101451 0.37113057 0.00000000
368 0.39205959 -0.01681091 0.00000000
369 0.14012234 -0.87158213 0.00000000
370 -0.80564701 0.16394280 0.00000000
371 0.23001445 -0.46201319 0.00000000
372 -0.71983197 -0.37927608 0.00000000
373 0.48153724 -0.85510622 0.00000000
374 0.39403148 -0.21501289 0.00000000
375 0.40496817 -0.04012233 0.00000000
376 -0.28101770 0.20004110 0.00000000
377 -0.41281631 -0.41667484 0.00000000
378 0.61872231 0.38996377 0.00000000
379 0.62022679 0.72024479 0.00000000
380 0.73414464 0.55970198 0.00000000
1 3 327 106 249
2 3 329 340 266
3 3 88 353 363
4 3 217 279 286
5 3 274 365 320
6 3 365 274 297
7 3 232 69 313
8 3 232 343 65
9 3 343 222 303
10 3 282 345 222
11 3 224 274 320
12 3 284 275 243
13 3 222 275 303
14 3 345 275 222
15 3 224 346 284
16 3 346 224 320
17 3 112 329 266
18 3 272 262 198
19 3 248 262 364
20 3 262 264 364
21 3 220 347 272
22 3 236 272 198
23 3 280 244 124
24 3 94 202 369
25 3 294 327 249
26 3 371 294 249
27 3 353 90 91
28 3 216 353 91
29 3 28 256 217
30 3 256 279 217
31 3 256 192 279
32 3 316 217 286
33 3 183 316 286
34 3 192 200 279
35 3 279 200 286
36 3 22 316 183
37 3 365 293 320
38 3 293 365 334
39 3 253 232 313
40 3 253 343 232
41 3 222 253 313
42 3 343 253 222
43 3 194 71 230
44 3 372 222 313
45 3 194 372 313
46 3 372 282 222
47 3 372 194 306
48 3 282 372 306
49 3 191 257 366
50 3 181 191 366
51 3 282 377 205
52 3 285 377 306
53 3 377 282 306
54 3 359 75 76
55 3 194 234 306
56 3 234 194 230
57 3 275 308 303
58 3 308 275 284
59 3 346 308 284
60 3 54 237 187
61 3 271 346 320
62 3 346 271 354
63 3 139 292 274
64 3 110 111 266
65 3 111 112 266
66 3 112 113 329
67 3 220 113 114
68 3 113 220 329
69 3 106 107 249
70 3 107 340 249
71 3 107 108 340
72 3 109 110 266
73 3 340 109 266
74 3 108 109 340
75 3 220 116 347
76 3 182 4 281
77 3 182 120 1
78 3 182 262 272
79 3 262 182 264
80 3 212 289 364
81 3 262 218 198
82 3 218 262 248
83 3 244 218 248
84 3 218 244 280
85 3 322 220 272
86 3 220 322 329
87 3 236 322 272
88 3 329 322 340
89 3 322 236 340
90 3 235 236 198
91 3 236 235 355
92 3 340 233 249
93 3 236 233 340
94 3 233 236 355
95 3 233 355 299
96 3 233 371 249
97 3 371 233 299
98 3 123 280 124
99 3 244 305 124
100 3 174 173 299
101 3 349 174 299
102 3 352 188 273
103 3 251 352 273
104 3 352 251 342
105 3 251 250 342
106 3 267 369 342
107 3 250 267 342
108 3 353 267 363
109 3 267 250 363
110 3 304 188 371
111 3 188 304 273
112 3 335 193 339
113 3 202 240 369
114 3 369 240 342
115 3 240 298 342
116 3 207 294 298
117 3 240 207 298
118 3 89 353 88
119 3 89 90 353
120 3 92 216 91
121 3 216 318 353
122 3 267 318 369
123 3 318 267 353
124 3 327 105 106
125 3 104 105 327
126 3 102 103 327
127 3 256 30 31
128 3 258 295 183
129 3 379 295 258
130 3 21 22 183
131 3 295 21 183
132 3 21 295 20
133 3 316 23 24
134 3 22 23 316
135 3 197 256 31
136 3 256 197 192
137 3 225 200 192
138 3 225 344 325
139 3 35 344 192
140 3 344 225 192
141 3 365 260 334
142 3 260 290 334
143 3 232 211 69
144 3 66 232 65
145 3 66 67 232
146 3 357 223 61
147 3 72 73 230
148 3 71 72 230
149 3 70 71 194
150 3 69 70 313
151 3 70 194 313
152 3 250 252 363
153 3 252 181 363
154 3 181 252 238
155 3 276 181 238
156 3 276 191 181
157 3 73 74 230
158 3 336 359 257
159 3 336 234 359
160 3 234 336 306
161 3 336 285 306
162 3 191 336 257
163 3 376 224 284
164 3 150 284 243
165 3 359 78 257
166 3 324 278 84
167 3 278 324 337
168 3 310 88 363
169 3 310 324 86
170 3 324 310 337
171 3 337 310 366
172 3 310 181 366
173 3 181 310 363
174 3 53 54 187
175 3 52 53 187
176 3 47 185 46
177 3 47 48 185
178 3 221 49 50
179 3 49 221 185
180 3 291 190 185
181 3 185 190 334
182 3 190 293 334
183 3 293 190 320
184 3 59 223 370
185 3 56 57 370
186 3 237 56 370
187 3 206 52 187
188 3 237 206 187
189 3 206 291 185
190 3 221 206 185
191 3 140 139 274
192 3 141 140 274
193 3 143 376 144
194 3 376 143 224
195 3 200 210 286
196 3 292 210 274
197 3 274 210 297
198 3 210 225 297
199 3 225 210 200
200 3 117 118 347
201 3 116 117 347
202 3 115 220 114
203 3 115 116 220
204 3 347 119 272
205 3 119 182 272
206 3 182 119 120
207 3 118 119 347
208 3 2 182 1
209 3 321 182 281
210 3 182 321 264
211 3 264 321 364
212 3 321 212 364
213 3 235 374 355
214 3 349 374 331
215 3 355 374 299
216 3 374 349 299
217 3 180 368 121
218 3 368 122 121
219 3 123 122 280
220 3 122 368 280
221 3 176 349 331
222 3 177 176 331
223 3 245 188 352
224 3 188 245 371
225 3 298 245 342
226 3 245 352 342
227 3 351 251 273
228 3 251 351 250
229 3 173 172 299
230 3 201 171 170
231 3 201 172 171
232 3 172 201 299
233 3 201 371 299
234 3 201 304 371
235 3 289 11 326
236 3 10 11 289
237 3 305 247 339
238 3 247 335 339
239 3 247 305 244
240 3 309 335 258
241 3 309 183 286
242 3 309 258 183
243 3 289 317 364
244 3 317 248 364
245 3 317 289 326
246 3 226 317 326
247 3 133 229 134
248 3 229 133 193
249 3 193 130 339
250 3 131 130 193
251 3 95 202 94
252 3 95 96 202
253 3 207 97 98
254 3 97 207 240
255 3 96 97 202
256 3 97 240 202
257 3 92 93 216
258 3 93 94 369
259 3 318 93 369
260 3 93 318 216
261 3 231 103 104
262 3 231 104 327
263 3 103 231 327
264 3 29 256 28
265 3 29 30 256
266 3 27 28 217
267 3 17 379 16
268 3 17 18 379
269 3 350 295 379
270 3 225 361 297
271 3 361 225 325
272 3 42 43 296
273 3 185 199 46
274 3 199 290 296
275 3 199 185 334
276 3 290 199 334
277 3 43 199 296
278 3 260 356 290
279 3 211 68 69
280 3 67 68 232
281 3 68 211 232
282 3 62 357 61
283 3 62 63 357
284 3 343 64 65
285 3 63 64 357
286 3 223 64 343
287 3 64 223 357
288 3 209 223 343
289 3 209 343 303
290 3 223 209 370
291 3 276 215 191
292 3 336 215 285
293 3 215 336 191
294 3 215 377 285
295 3 319 208 273
296 3 304 319 273
297 3 201 319 304
298 3 74 261 230
299 3 261 234 230
300 3 234 261 359
301 3 261 74 75
302 3 261 75 359
303 3 149 148 284
304 3 150 149 284
305 3 153 152 243
306 3 159 158 205
307 3 160 159 205
308 3 228 241 243
309 3 275 228 243
310 3 228 275 345
311 3 241 228 205
312 3 228 282 205
313 3 228 345 282
314 3 278 83 84
315 3 82 83 278
316 3 257 315 366
317 3 315 337 366
318 3 315 278 337
319 3 315 82 278
320 3 77 359 76
321 3 77 78 359
322 3 85 324 84
323 3 324 85 86
324 3 310 87 88
325 3 87 310 86
326 3 49 270 48
327 3 48 270 185
328 3 270 49 185
329 3 203 186 370
330 3 186 203 354
331 3 203 346 354
332 3 203 308 346
333 3 51 221 50
334 3 206 51 52
335 3 51 206 221
336 3 271 259 354
337 3 259 190 354
338 3 259 271 320
339 3 190 259 320
340 3 186 367 291
341 3 367 190 291
342 3 367 186 354
343 3 190 367 354
344 3 57 58 370
345 3 58 59 370
346 3 223 60 61
347 3 59 60 223
348 3 55 237 54
349 3 55 56 237
350 3 206 330 291
351 3 330 206 237
352 3 330 186 291
353 3 330 237 370
354 3 186 330 370
355 3 224 142 274
356 3 143 142 224
357 3 142 141 274
358 3 137 287 292
359 3 138 292 139
360 3 138 137 292
361 3 300 210 292
362 3 210 300 286
363 3 300 229 286
364 3 229 184 286
365 3 184 229 193
366 3 4 5 281
367 3 5 6 281
368 3 182 3 4
369 3 2 3 182
370 3 9 277 8
371 3 9 10 289
372 3 277 9 289
373 3 212 314 289
374 3 314 277 289
375 3 368 189 280
376 3 375 189 368
377 3 218 189 198
378 3 189 218 280
379 3 189 235 198
380 3 189 375 235
381 3 375 332 235
382 3 374 332 331
383 3 332 374 235
384 3 332 179 331
385 3 179 332 180
386 3 180 332 368
387 3 332 375 368
388 3 175 174 349
389 3 176 175 349
390 3 294 333 298
391 3 333 245 298
392 3 333 294 371
393 3 245 333 371
394 3 246 252 250
395 3 351 246 250
396 3 208 246 273
397 3 246 351 273
398 3 219 13 14
399 3 204 226 258
400 3 317 204 378
401 3 204 317 226
402 3 239 219 14
403 3 338 244 248
404 3 338 247 244
405 3 317 338 248
406 3 338 317 378
407 3 204 338 378
408 3 247 338 335
409 3 335 338 258
410 3 338 204 258
411 3 132 131 193
412 3 133 132 193
413 3 99 207 98
414 3 99 100 207
415 3 373 102 327
416 3 100 373 207
417 3 294 373 327
418 3 207 373 294
419 3 358 25 26
420 3 341 316 24
421 3 25 341 24
422 3 341 25 358
423 3 27 254 26
424 3 254 358 26
425 3 341 254 316
426 3 254 341 358
427 3 316 254 217
428 3 254 27 217
429 3 295 19 20
430 3 350 19 295
431 3 18 268 379
432 3 268 350 379
433 3 19 268 18
434 3 268 19 350
435 3 32 197 31
436 3 32 33 197
437 3 33 34 197
438 3 34 35 192
439 3 197 34 192
440 3 40 195 39
441 3 40 41 195
442 3 195 242 39
443 3 196 344 35
444 3 199 45 46
445 3 213 41 42
446 3 213 42 296
447 3 41 213 195
448 3 255 242 195
449 3 344 255 325
450 3 242 255 344
451 3 308 311 303
452 3 311 209 303
453 3 203 311 308
454 3 209 311 370
455 3 311 203 370
456 3 208 163 162
457 3 164 163 208
458 3 165 164 208
459 3 319 165 208
460 3 165 319 166
461 3 376 145 144
462 3 146 145 376
463 3 148 147 284
464 3 147 376 284
465 3 147 146 376
466 3 151 150 243
467 3 152 151 243
468 3 161 208 162
469 3 161 160 208
470 3 227 155 241
471 3 227 158 157
472 3 227 241 205
473 3 158 227 205
474 3 154 153 243
475 3 241 154 243
476 3 155 154 241
477 3 81 315 80
478 3 315 81 82
479 3 315 79 80
480 3 78 79 257
481 3 79 315 257
482 3 136 287 137
483 3 287 283 292
484 3 229 283 134
485 3 283 300 292
486 3 300 283 229
487 3 328 184 193
488 3 335 328 193
489 3 309 328 335
490 3 328 309 286
491 3 184 328 286
492 3 277 7 8
493 3 314 7 277
494 3 6 362 281
495 3 362 321 281
496 3 7 362 6
497 3 362 7 314
498 3 321 362 212
499 3 362 314 212
500 3 178 177 331
501 3 179 178 331
502 3 125 214 263
503 3 305 125 124
504 3 214 125 305
505 3 128 127 263
506 3 348 246 208
507 3 252 348 238
508 3 246 348 252
509 3 348 276 238
510 3 377 348 205
511 3 215 348 377
512 3 348 215 276
513 3 348 160 205
514 3 160 348 208
515 3 13 360 12
516 3 360 11 12
517 3 11 360 326
518 3 239 301 226
519 3 379 301 16
520 3 301 379 258
521 3 226 301 258
522 3 239 380 219
523 3 380 13 219
524 3 380 226 326
525 3 380 239 226
526 3 360 380 326
527 3 380 360 13
528 3 373 101 102
529 3 101 373 100
530 3 242 38 39
531 3 36 196 35
532 3 196 36 37
533 3 45 265 44
534 3 265 45 199
535 3 265 43 44
536 3 265 199 43
537 3 288 213 296
538 3 290 288 296
539 3 356 288 290
540 3 255 288 356
541 3 213 288 195
542 3 288 255 195
543 3 302 356 260
544 3 361 302 297
545 3 302 361 325
546 3 302 365 297
547 3 302 260 365
548 3 319 167 166
549 3 168 167 319
550 3 169 201 170
551 3 169 319 201
552 3 169 168 319
553 3 156 227 157
554 3 227 156 155
555 3 136 135 287
556 3 283 135 134
557 3 135 283 287
558 3 127 126 263
559 3 126 125 263
560 3 214 323 263
561 3 323 128 263
562 3 128 323 129
563 3 323 130 129
564 3 130 323 339
565 3 301 15 16
566 3 15 239 14
567 3 15 301 239
568 3 38 312 37
569 3 196 312 344
570 3 312 196 37
571 3 312 242 344
572 3 312 38 242
573 3 269 255 356
574 3 302 269 356
575 3 255 269 325
576 3 269 302 325
577 3 323 307 339
578 3 307 323 214
579 3 307 305 339
580 3 307 214 305
