Donut mesh with 4 interior rings
276 188
1 1.000000 0.000000 5.00
2 0.995974 0.089639 5.00
3 0.983930 0.178557 5.00
4 0.963963 0.266037 5.00
5 0.936235 0.351375 5.00
6 0.900969 0.433884 5.00
7 0.858449 0.512899 5.00
8 0.809017 0.587785 5.00
9 0.753071 0.657939 5.00
10 0.691063 0.722795 5.00
11 0.623490 0.781831 5.00
12 0.550897 0.834573 5.00
13 0.473869 0.880596 5.00
14 0.393025 0.919528 5.00
15 0.309017 0.951057 5.00
16 0.222521 0.974928 5.00
17 0.134233 0.990950 5.00
18 0.044865 0.998993 5.00
19 -0.044865 0.998993 5.00
20 -0.134233 0.990950 5.00
21 -0.222521 0.974928 5.00
22 -0.309017 0.951057 5.00
23 -0.393025 0.919528 5.00
24 -0.473869 0.880596 5.00
25 -0.550897 0.834573 5.00
26 -0.623490 0.781831 5.00
27 -0.691063 0.722795 5.00
28 -0.753071 0.657939 5.00
29 -0.809017 0.587785 5.00
30 -0.858449 0.512899 5.00
31 -0.900969 0.433884 5.00
32 -0.936235 0.351375 5.00
33 -0.963963 0.266037 5.00
34 -0.983930 0.178557 5.00
35 -0.995974 0.089639 5.00
36 -1.000000 0.000000 5.00
37 -0.995974 -0.089639 5.00
38 -0.983930 -0.178557 5.00
39 -0.963963 -0.266037 5.00
40 -0.936235 -0.351375 5.00
41 -0.900969 -0.433884 5.00
42 -0.858449 -0.512899 5.00
43 -0.809017 -0.587785 5.00
44 -0.753071 -0.657939 5.00
45 -0.691063 -0.722795 5.00
46 -0.623490 -0.781831 5.00
47 -0.550897 -0.834573 5.00
48 -0.473869 -0.880596 5.00
49 -0.393025 -0.919528 5.00
50 -0.309017 -0.951057 5.00
51 -0.222521 -0.974928 5.00
52 -0.134233 -0.990950 5.00
53 -0.044865 -0.998993 5.00
54 0.044865 -0.998993 5.00
55 0.134233 -0.990950 5.00
56 0.222521 -0.974928 5.00
57 0.309017 -0.951057 5.00
58 0.393025 -0.919528 5.00
59 0.473869 -0.880596 5.00
60 0.550897 -0.834573 5.00
61 0.623490 -0.781831 5.00
62 0.691063 -0.722795 5.00
63 0.753071 -0.657939 5.00
64 0.809017 -0.587785 5.00
65 0.858449 -0.512899 5.00
66 0.900969 -0.433884 5.00
67 0.936235 -0.351375 5.00
68 0.963963 -0.266037 5.00
69 0.983930 -0.178557 5.00
70 0.995974 -0.089639 5.00
71 0.300000 -0.000000 5.00
72 0.293444 -0.062374 5.00
73 0.274064 -0.122021 5.00
74 0.242705 -0.176336 5.00
75 0.200739 -0.222943 5.00
76 0.150000 -0.259808 5.00
77 0.092705 -0.285317 5.00
78 0.031359 -0.298357 5.00
79 -0.031359 -0.298357 5.00
80 -0.092705 -0.285317 5.00
81 -0.150000 -0.259808 5.00
82 -0.200739 -0.222943 5.00
83 -0.242705 -0.176336 5.00
84 -0.274064 -0.122021 5.00
85 -0.293444 -0.062374 5.00
86 -0.300000 -0.000000 5.00
87 -0.293444 0.062374 5.00
88 -0.274064 0.122021 5.00
89 -0.242705 0.176336 5.00
90 -0.200739 0.222943 5.00
91 -0.150000 0.259808 5.00
92 -0.092705 0.285317 5.00
93 -0.031359 0.298357 5.00
94 0.031359 0.298357 5.00
95 0.092705 0.285317 5.00
96 0.150000 0.259808 5.00
97 0.200739 0.222943 5.00
98 0.242705 0.176336 5.00
99 0.274064 0.122021 5.00
100 0.293444 0.062374 5.00
101 0.420000 0.000000 5.00
102 0.391638 0.151721 5.00
103 0.310384 0.282952 5.00
104 0.187210 0.375969 5.00
105 0.038753 0.418208 5.00
106 -0.114938 0.403967 5.00
107 -0.253107 0.335167 5.00
108 -0.357091 0.221102 5.00
109 -0.412849 0.077175 5.00
110 -0.412849 -0.077175 5.00
111 -0.357091 -0.221102 5.00
112 -0.253107 -0.335167 5.00
113 -0.114938 -0.403967 5.00
114 0.038753 -0.418208 5.00
115 0.187210 -0.375969 5.00
116 0.310384 -0.282952 5.00
117 0.391638 -0.151721 5.00
118 0.540000 0.000000 5.00
119 0.518126 0.152136 5.00
120 0.454277 0.291946 5.00
121 0.353625 0.408105 5.00
122 0.224324 0.491201 5.00
123 0.076850 0.534504 5.00
124 -0.076850 0.534504 5.00
125 -0.224324 0.491201 5.00
126 -0.353625 0.408105 5.00
127 -0.454277 0.291946 5.00
128 -0.518126 0.152136 5.00
129 -0.540000 0.000000 5.00
130 -0.518126 -0.152136 5.00
131 -0.454277 -0.291946 5.00
132 -0.353625 -0.408105 5.00
133 -0.224324 -0.491201 5.00
134 -0.076850 -0.534504 5.00
135 0.076850 -0.534504 5.00
136 0.224324 -0.491201 5.00
137 0.353625 -0.408105 5.00
138 0.454277 -0.291946 5.00
139 0.518126 -0.152136 5.00
140 0.660000 0.000000 5.00
141 0.584401 0.306717 5.00
142 0.374923 0.543169 5.00
143 0.079554 0.655188 5.00
144 -0.234039 0.617111 5.00
145 -0.494017 0.437661 5.00
146 -0.640822 0.157948 5.00
147 -0.640822 -0.157948 5.00
148 -0.494017 -0.437661 5.00
149 -0.234039 -0.617111 5.00
150 0.079554 -0.655188 5.00
151 0.374923 -0.543169 5.00
152 0.584401 -0.306717 5.00
153 0.900000 0.000000 5.00
154 0.886327 0.156283 5.00
155 0.845723 0.307818 5.00
156 0.779423 0.450000 5.00
157 0.689440 0.578509 5.00
158 0.578509 0.689440 5.00
159 0.450000 0.779423 5.00
160 0.307818 0.845723 5.00
161 0.156283 0.886327 5.00
162 0.000000 0.900000 5.00
163 -0.156283 0.886327 5.00
164 -0.307818 0.845723 5.00
165 -0.450000 0.779423 5.00
166 -0.578509 0.689440 5.00
167 -0.689440 0.578509 5.00
168 -0.779423 0.450000 5.00
169 -0.845723 0.307818 5.00
170 -0.886327 0.156283 5.00
171 -0.900000 0.000000 5.00
172 -0.886327 -0.156283 5.00
173 -0.845723 -0.307818 5.00
174 -0.779423 -0.450000 5.00
175 -0.689440 -0.578509 5.00
176 -0.578509 -0.689440 5.00
177 -0.450000 -0.779423 5.00
178 -0.307818 -0.845723 5.00
179 -0.156283 -0.886327 5.00
180 -0.000000 -0.900000 5.00
181 0.156283 -0.886327 5.00
182 0.307818 -0.845723 5.00
183 0.450000 -0.779423 5.00
184 0.578509 -0.689440 5.00
185 0.689440 -0.578509 5.00
186 0.779423 -0.450000 5.00
187 0.845723 -0.307818 5.00
188 0.886327 -0.156283 5.00
1 3 78 114 77
2 3 114 115 77
3 3 182 151 150
4 3 45 46 176
5 3 46 47 176
6 3 179 180 150
7 3 148 149 132
8 3 149 179 150
9 3 151 136 150
10 3 188 140 152
11 3 187 188 152
12 3 186 187 152
13 3 140 141 119
14 3 104 103 121
15 3 103 104 97
16 3 147 172 173
17 3 172 39 173
18 3 159 14 160
19 3 180 53 54
20 3 53 180 179
21 3 181 182 150
22 3 180 181 150
23 3 181 180 54
24 3 131 148 132
25 3 147 131 130
26 3 131 147 148
27 3 175 45 176
28 3 148 175 176
29 3 177 48 49
30 3 48 177 47
31 3 47 177 176
32 3 177 148 176
33 3 177 149 148
34 3 134 149 150
35 3 133 112 132
36 3 149 133 132
37 3 134 133 149
38 3 57 58 182
39 3 185 186 152
40 3 151 185 152
41 3 184 185 151
42 3 183 58 59
43 3 58 183 182
44 3 183 151 182
45 3 183 184 151
46 3 69 70 188
47 3 153 140 188
48 3 153 70 1
49 3 70 153 188
50 3 140 139 152
51 3 139 138 152
52 3 138 139 117
53 3 65 66 186
54 3 187 66 67
55 3 66 187 186
56 3 68 187 67
57 3 68 69 188
58 3 187 68 188
59 3 158 157 10
60 3 141 154 155
61 3 154 141 140
62 3 153 154 140
63 3 115 76 77
64 3 75 76 115
65 3 137 151 152
66 3 138 137 152
67 3 137 136 151
68 3 136 137 115
69 3 104 96 97
70 3 141 120 119
71 3 120 141 121
72 3 103 120 121
73 3 32 33 169
74 3 170 146 169
75 3 170 33 34
76 3 33 170 169
77 3 167 166 27
78 3 145 166 167
79 3 166 145 165
80 3 25 166 165
81 3 28 167 27
82 3 28 29 167
83 3 146 168 169
84 3 145 168 146
85 3 168 145 167
86 3 30 168 29
87 3 29 168 167
88 3 107 91 106
89 3 40 41 173
90 3 39 40 173
91 3 14 15 160
92 3 15 16 160
93 3 161 143 160
94 3 16 161 160
95 3 143 142 160
96 3 142 159 160
97 3 159 142 158
98 3 142 157 158
99 3 141 142 121
100 3 157 142 141
101 3 12 159 158
102 3 51 52 179
103 3 52 53 179
104 3 55 181 54
105 3 41 174 173
106 3 174 175 148
107 3 174 43 175
108 3 174 147 173
109 3 147 174 148
110 3 78 79 114
111 3 50 178 49
112 3 178 177 49
113 3 178 50 51
114 3 178 51 179
115 3 149 178 179
116 3 177 178 149
117 3 135 134 150
118 3 134 135 114
119 3 136 135 150
120 3 135 115 114
121 3 135 136 115
122 3 61 62 184
123 3 185 62 63
124 3 62 185 184
125 3 64 185 63
126 3 64 65 186
127 3 185 64 186
128 3 60 183 59
129 3 60 61 184
130 3 183 60 184
131 3 118 140 119
132 3 118 139 140
133 3 154 4 155
134 3 4 154 3
135 3 6 156 155
136 3 156 141 155
137 3 156 157 141
138 3 156 8 157
139 3 154 2 3
140 3 2 153 1
141 3 2 154 153
142 3 116 75 115
143 3 137 116 115
144 3 116 137 138
145 3 116 138 117
146 3 95 96 104
147 3 98 103 97
148 3 35 170 34
149 3 37 171 36
150 3 171 37 172
151 3 171 35 36
152 3 35 171 170
153 3 147 171 172
154 3 171 147 146
155 3 170 171 146
156 3 22 23 164
157 3 23 165 164
158 3 166 26 27
159 3 25 26 166
160 3 128 127 146
161 3 127 145 146
162 3 145 127 126
163 3 147 129 146
164 3 129 147 130
165 3 129 128 146
166 3 128 129 109
167 3 129 110 109
168 3 110 129 130
169 3 109 87 88
170 3 31 168 30
171 3 31 32 169
172 3 168 31 169
173 3 21 163 20
174 3 21 22 164
175 3 163 21 164
176 3 144 163 164
177 3 163 144 143
178 3 165 144 164
179 3 144 145 126
180 3 145 144 165
181 3 163 19 20
182 3 105 93 94
183 3 93 105 106
184 3 123 105 104
185 3 95 105 94
186 3 105 95 104
187 3 91 92 106
188 3 92 93 106
189 3 38 39 172
190 3 37 38 172
191 3 161 17 18
192 3 17 161 16
193 3 123 122 143
194 3 122 142 143
195 3 122 123 104
196 3 122 104 121
197 3 142 122 121
198 3 159 13 14
199 3 12 13 159
200 3 11 158 10
201 3 11 12 158
202 3 55 56 181
203 3 56 57 182
204 3 181 56 182
205 3 175 44 45
206 3 43 44 175
207 3 42 174 41
208 3 174 42 43
209 3 113 134 114
210 3 79 113 114
211 3 113 79 80
212 3 113 133 134
213 3 133 113 112
214 3 71 101 100
215 3 101 118 119
216 3 139 101 117
217 3 118 101 139
218 3 5 6 155
219 3 4 5 155
220 3 157 9 10
221 3 8 9 157
222 3 7 156 6
223 3 156 7 8
224 3 72 73 117
225 3 101 72 117
226 3 72 101 71
227 3 74 116 117
228 3 73 74 117
229 3 116 74 75
230 3 24 25 165
231 3 23 24 165
232 3 108 107 126
233 3 127 108 126
234 3 89 108 88
235 3 108 109 88
236 3 108 128 109
237 3 108 127 128
238 3 110 86 109
239 3 86 87 109
240 3 125 144 126
241 3 107 125 126
242 3 125 107 106
243 3 19 162 18
244 3 162 161 18
245 3 162 19 163
246 3 162 163 143
247 3 161 162 143
248 3 107 90 91
249 3 108 90 107
250 3 90 108 89
251 3 102 101 119
252 3 101 102 100
253 3 102 99 100
254 3 120 102 119
255 3 102 120 103
256 3 102 98 99
257 3 98 102 103
258 3 125 124 144
259 3 124 123 143
260 3 144 124 143
261 3 124 125 106
262 3 105 124 106
263 3 124 105 123
264 3 113 81 112
265 3 81 113 80
266 3 85 86 110
267 3 112 111 132
268 3 111 131 132
269 3 131 111 130
270 3 111 110 130
271 3 81 82 112
272 3 82 111 112
273 3 111 82 83
274 3 84 111 83
275 3 84 85 110
276 3 111 84 110
0 0
